344
134 0
316
585 2
393
543 6
662 8
277
320
59 10
440
827
801 12
14
570
355 15
941 18
800 20
528 26
931
263 27
969
611
300
510 30
152 31
727
227 32
695 36
157 37
177
624 40
334
166
450
136
973 44
135
357
647
953 46
938
740 47
58 49
378
341 51
612 52
363 53
710 54
847 55
389
322 57
472
128 61
150 64
330 65
223 66
738
178
63
508
777
253 67
943 68
303
706
143 69
548 71
658
158 72
98
785
522 76
116 79
974 80
682
834 82
304 84
340
882 85
179
693
665 86
618 88
532
752 91
169 93
556
666 94
850
950
970
517 95
287
526
187
762 96
988 97
701 99
497
343 101
812
671
766
869
512 102
159
206 104
191 105
78
822
524 108
680
653 114
331 115
995 117
544 118
698 119
257 123
513 124
848
991 126
347
217
987
791
113
110
722
545 129
890
272
550
337 130
230
826
266 131
356
936
891 133
351
724
590 137
854
584
921
476 138
751 144
905
684 146
735 147
262 151
154
222
971
265
602
840 153
311
668 155
718
164
562 156
756
170
358
927 160
370
180 161
704
77
468
466 162
333
327 163
243 165
638
518 168
391
399 171
451
17
769 172
588
901 173
992
213
477
496 175
276
963
385 182
145
210
700 183
908
432 185
314
339 188
796 190
433
268
816 195
838 198
33
781 199
438 200
427 204
315
538
464 207
996 214
873 215
571 218
999 221
449 224
541
617 226
539
176
533
776
260
203
746
652
734
886
364
895
928 231
911 234
350 236
552 237
864
913
383 238
780
871 242
403 244
676 246
844
270 248
488
401 249
288 250
772
806 252
211
557
599 256
535 259
894 264
842
808 269
626
201
742
404
245
849
948
313
471 271
233
441
926
426 273
645
398 280
620 285
985 289
736
825 290
674 291
87
400
646
469 295
798 297
529 306
388 307
461 310
261
141
966
998
717 318
142
372 321
9
559
467
639
445 324
876 335
75
573 336
294
940 338
830
561
235
328
503 344
670 345
748
603 353
594
120
627
487 359
436
500
934 365
888
132
81
726 366
362
580 368
572 371
853 373
459 375
125
787
815
489
299
790
286
525 376
309
659 382
797 384
619 386
558 390
600 392
73
977 394
672
845
880
414 395
836
