1000
7
993 0
55 0
55 0
586 999
10 999
162 999
598 999
956 999
51 999
353 999
353 999
879 2
250 2
250 2
64 6
338 6
338 6
146 996
788 996
788 996
529 995
144 995
144 995
711 8
169 8
169 8
18 993
965 993
965 993
424 10
290 10
290 10
248 991
988 991
988 991
428 990
54 990
368 990
919 990
919 990
622 12
454 12
454 12
770 988
781 988
781 988
414 15
289 15
289 15
384 18
866 18
866 18
587 985
399 985
759 985
598 985
337 985
337 985
47 984
675 984
675 984
419 20
165 20
165 20
903 982
383 982
383 982
410 981
789 981
789 981
735 980
418 980
79 980
31 980
513 980
657 980
130 980
407 980
511 980
511 980
814 979
68 979
199 979
27 979
27 979
630 26
806 26
806 26
946 977
496 977
527 977
318 977
157 977
157 977
263 27
705 27
705 27
542 30
444 30
444 30
847 974
79 974
72 974
927 974
927 974
475 973
737 973
737 973
341 31
119 31
119 31
262 32
285 32
285 32
717 36
88 36
88 36
657 37
169 37
169 37
114 968
814 968
814 968
339 967
365 967
365 967
417 40
558 40
686 40
243 40
243 40
237 965
227 965
227 965
165 44
674 44
674 44
816 46
388 46
388 46
763 47
740 47
740 47
250 961
670 961
670 961
581 960
753 960
753 960
263 49
341 49
341 49
71 958
582 958
582 958
609 957
622 957
622 957
372 956
438 956
438 956
165 51
695 51
695 51
392 52
833 52
833 52
130 953
116 953
116 953
88 952
525 952
525 952
705 53
487 53
841 53
392 53
392 53
813 54
475 54
510 54
603 54
72 54
856 54
365 54
365 54
392 949
173 949
173 949
522 55
409 55
409 55
399 947
615 947
409 947
409 947
204 946
191 946
529 946
529 946
169 945
337 945
469 945
182 945
482 945
252 945
409 945
409 945
180 57
161 57
168 57
168 57
407 943
390 943
390 943
386 58
828 58
828 58
339 941
418 941
119 941
273 941
273 941
271 940
675 940
675 940
306 59
805 59
701 59
701 59
548 61
773 61
773 61
749 937
146 937
335 937
335 937
744 64
183 64
183 64
579 65
84 65
615 65
622 65
622 65
69 934
443 934
443 934
700 66
800 66
800 66
375 932
253 932
661 932
231 932
231 932
834 67
388 67
388 67
749 930
634 930
548 930
548 930
376 929
527 929
527 929
770 928
651 928
651 928
119 927
190 927
363 927
449 927
814 927
221 927
221 927
409 68
759 68
759 68
884 69
147 69
147 69
437 71
324 71
162 71
162 71
770 72
700 72
700 72
892 76
912 76
207 76
824 76
600 76
101 76
405 76
405 76
796 79
117 79
662 79
398 79
403 79
711 79
711 79
405 920
490 920
490 920
231 919
828 919
828 919
464 918
585 918
585 918
289 80
114 80
114 80
341 916
631 916
720 916
234 916
410 916
470 916
270 916
270 916
99 915
547 915
547 915
257 82
579 82
579 82
628 84
759 84
600 84
444 84
444 84
465 912
695 912
695 912
813 911
385 911
385 911
744 910
585 910
585 910
150 909
798 909
622 909
622 909
402 85
147 85
147 85
573 86
449 86
215 86
683 86
175 86
175 86
699 88
119 88
484 88
484 88
199 91
119 91
119 91
810 904
191 904
191 904
661 903
885 903
885 903
116 902
116 902
256 902
256 902
156 901
465 901
465 901
155 93
206 93
206 93
578 94
341 94
307 94
307 94
449 898
805 898
752 898
752 898
808 897
579 897
579 897
765 95
660 95
660 95
783 96
773 96
866 96
866 96
858 894
495 894
495 894
866 97
104 97
828 97
537 97
872 97
872 97
571 892
206 892
231 892
513 892
513 892
447 891
563 891
563 891
615 99
415 99
415 99
144 101
383 101
383 101
172 102
236 102
236 102
445 104
598 104
806 104
117 104
495 104
495 104
143 105
270 105
270 105
760 885
385 885
385 885
582 884
653 884
653 884
651 883
118 883
118 883
585 882
123 882
123 882
188 881
144 881
144 881
774 108
383 108
383 108
701 879
437 879
437 879
373 114
740 114
740 114
563 115
710 115
710 115
501 876
872 876
872 876
624 116
119 116
119 116
226 117
630 117
630 117
522 873
828 873
828 873
599 872
749 872
123 872
382 872
382 872
424 871
814 871
814 871
345 118
630 118
630 118
665 119
716 119
716 119
631 868
418 868
535 868
828 868
828 868
522 123
263 123
263 123
147 866
735 866
735 866
180 124
262 124
131 124
131 124
388 126
359 126
359 126
628 128
182 128
182 128
249 862
182 862
182 862
375 861
427 861
487 861
152 861
603 861
295 861
366 861
366 861
471 129
858 129
858 129
665 130
341 130
341 130
307 858
782 858
782 858
529 857
510 857
510 857
418 856
434 856
224 856
224 856
175 131
490 131
490 131
182 133
402 133
402 133
572 853
620 853
620 853
699 134
543 134
183 134
183 134
794 137
337 137
337 137
335 138
523 138
697 138
188 138
188 138
542 143
180 143
165 143
165 143
426 144
172 144
172 144
750 847
248 847
589 847
215 847
215 847
681 846
163 846
163 846
527 146
371 146
371 146
512 147
721 147
758 147
758 147
564 150
383 150
788 150
788 150
492 151
242 151
242 151
180 841
445 841
464 841
709 841
709 841
422 840
512 840
285 840
285 840
833 152
564 152
269 152
405 152
481 152
458 152
458 152
353 838
434 838
434 838
578 837
796 837
643 837
643 837
833 153
698 153
698 153
832 835
828 835
828 835
492 834
371 834
371 834
371 833
371 833
563 832
758 832
758 832
422 155
711 155
711 155
805 156
250 156
250 156
291 157
330 157
330 157
659 828
782 828
782 828
432 158
343 158
343 158
628 160
781 160
781 160
244 825
266 825
266 825
806 824
587 824
223 824
813 824
813 824
585 161
751 161
751 161
573 162
651 162
651 162
630 163
583 163
583 163
525 165
720 165
720 165
590 168
586 168
586 168
731 818
175 818
175 818
562 817
376 817
376 817
510 816
432 816
432 816
683 169
490 169
717 169
717 169
243 814
662 814
662 814
522 813
445 813
285 813
735 813
735 813
683 171
750 171
657 171
659 171
686 171
686 171
699 172
735 172
808 172
808 172
721 810
173 810
173 810
236 173
236 173
428 808
461 808
461 808
703 175
618 175
618 175
599 806
215 806
215 806
438 805
581 805
581 805
353 180
770 180
770 180
227 182
564 182
475 182
204 182
204 182
475 183
653 183
653 183
631 801
459 801
459 801
581 800
609 800
609 800
355 185
553 185
553 185
617 798
721 798
503 798
795 798
252 798
353 798
458 798
458 798
324 797
774 797
492 797
492 797
498 796
758 796
758 796
492 795
637 795
637 795
617 794
410 794
410 794
726 793
773 793
773 793
252 188
221 188
599 188
410 188
410 188
372 190
634 190
717 190
434 190
510 190
290 190
290 190
253 191
244 191
717 191
717 191
548 789
760 789
760 789
403 788
595 788
365 788
365 788
215 195
338 195
338 195
266 198
511 198
511 198
590 199
769 199
769 199
558 200
585 200
481 200
481 200
350 783
248 783
390 783
390 783
373 782
262 782
262 782
600 781
595 781
459 781
459 781
542 204
236 204
711 204
711 204
511 206
773 206
773 206
401 207
622 207
622 207
635 214
545 214
545 214
705 215
700 215
523 215
625 215
372 215
372 215
587 218
291 218
583 218
583 218
529 774
529 774
363 774
528 774
635 774
635 774
266 773
769 773
769 773
338 221
390 221
481 221
452 221
452 221
266 223
449 223
273 223
662 223
662 223
750 770
562 770
585 770
585 770
632 769
371 769
371 769
716 224
376 224
376 224
600 226
424 226
525 226
525 226
366 227
689 227
689 227
564 765
753 765
461 765
461 765
517 231
290 231
290 231
432 763
443 763
443 763
529 762
563 762
563 762
699 234
373 234
563 234
563 234
443 760
248 760
248 760
464 759
455 759
455 759
753 758
343 758
343 758
382 236
437 236
437 236
445 237
350 237
492 237
492 237
375 238
535 238
535 238
553 242
266 242
266 242
414 753
459 753
459 753
634 752
394 752
394 752
338 751
501 751
501 751
341 750
657 750
571 750
445 750
482 750
318 750
318 750
478 749
720 749
628 749
735 749
359 749
295 749
295 749
383 243
534 243
534 243
675 244
273 244
273 244
544 246
676 246
676 246
270 248
337 248
578 248
465 248
465 248
464 744
249 744
249 744
434 249
434 249
676 250
585 250
585 250
664 252
590 252
590 252
537 740
523 740
714 740
618 740
618 740
345 253
615 253
615 253
307 256
735 256
735 256
534 737
413 737
413 737
257 257
568 257
580 257
259 257
259 257
310 735
684 735
684 735
343 259
579 259
579 259
518 262
715 262
715 262
586 263
579 263
579 263
291 731
318 731
318 731
703 264
595 264
595 264
345 266
609 266
609 266
418 269
513 269
501 269
501 269
721 270
657 270
657 270
422 726
527 726
470 726
482 726
482 726
