750
82 0
540
219
167
229
515
951
14
504
352
532
226 2
641
194
454 6
994
435
940 982
652
94 8
812
867
714 10
16
486
952 12
369
127
998
419 967
798 991
390 960
495 958
614
337 956
124 953
816 15
47 949
668 947
356
796 945
313
208
238 18
326
242 20
409 26
902 27
159
567
891 30
801 927
661 31
339 32
428 36
315
978
468
180 919
338 37
351
754
346
697 912
403 40
391
750 44
673 932
649
396
99 46
771
716 49
362
184
236 51
837 52
847 53
685 885
350 883
585 881
422 879
394 54
427 55
936
151 873
425
802
150 57
500
557
605
81
615 866
744 58
136
41
493
735 856
645
447 853
657 858
779
701 59
262 61
392 64
818 841
13
156 838
143 65
254
613
73
319
715 834
103
227 828
900
793 824
773 825
547 66
295 840
482 67
905
79 813
730
870
817 814
214 68
117 805
291 69
677
650
343 71
528 797
996 795
11
76 72
846 974
491
622 788
957 80
832 783
761
116 781
91 862
769 999
584
939
507
109
499
741
142
875
763 774
690
189
505
966
519
265
799
241
35
175 84
941 753
470 751
406
642
517 749
248 85
335 86
705 88
542 93
911 737
954
533
574
257 95
402 810
131 96
235
144 726
607 97
284
865
290 721
963
269 717
29
261
387
604
733
478 897
374
621
108 101
654
907
220
461 789
575
344 698
225
961 695
633 703
693
355 765
732
676 102
432 684
397
321 104
640
864
971
163 884
959
890
223 674
488
244 670
288 105
358
964
253 665
653 770
443 659
231 114
212
204 115
857 977
379
323
904 118
894 119
203
457
264 123
589 968
634 126
503 636
644
901 637
608 631
263 965
976
19
843
373 625
271 624
909 620
282
722
510 618
718
611
280 128
638
946 609
303
980 129
249 710
531
696 130
804
155 598
920 599
463
217
485
133 590
1
639
487 587
842
311
444 134
467
256 581
569
803
170
888
559
316
92
407 571
188 577
308
570
100
413 929
651 562
746
561
539
25
477
309
628 564
845
361
880
312
527 552
183 578
466 544
848
34
452 558
393
259 137
892 535
893
511 988
658
336 709
401 138
582 525
898 523
371 521
497
707
439
784
916 573
683 513
298
90
389
221 601
975
421
955
514
273 635
440
171 759
610
706
990 496
462
342
950
821
164
113
702
694
603 490
494 586
237 481
553 518
165 835
22
550
283
815
606
121
489
785
107
800 474
182 464
260
962
972
364
471 492
778
216
756
405 580
296
302
860
198 455
4
829
111
969
292
984 445
382 459
304 437
630 543
147 529
438 469
852
340
211
377
305
993 475
546
502
688
743
729
882 418
287
375 415
981 146
616
348
177
648
145
762 934
190 465
895
560
595 399
903 681
398 395
300
656
197
286
682
524 537
918 386
700 384
910 388
267
925
758 410
359 376
565
56
833 372
597
538
655
172 368
768
713
791
426 363
186
132
692
429
808 534
157 458
21
830
322 664
780
297 408
679
176
861 600
320
196
928 341
272
383 345
206 365
549
451
680
148
979 330
62
917
855
279
252 324
987
480
777
460
667
307 385
906
764
277
745
992
433
782 752
328
498 424
970
786
687
449 572
583 619
551
23
663
807
60
724
370
43
48
149
162 876
896
662 566
554
908
501 612
17
579 414
742
859
125
675 310
627
526
39
285 617
926
887
453
7
924
530
671
234 731
739
555
872 666
230
522 250
360
509
122
329
224 246
839
417 699
948
632 318
938
476 306
5
899
357
844
849
77
215 868
317
755
811
141
942
195 794
173 937
596
247
889
985 806
274
647
87
275
179
168 327
325
33
42
380
863
233
75
508
819
556
98
228
719
944
886
592
479
997
441
484 643
820
594
185 200
222
823
299
874
935
333
245
629
135
563 366
423
193
623
736
106
210
353 995
9
973 158
160 686
878
24
45
442
646
704
548 930
626
747
412
576
772
154
520
516
294
472
187
266 243
822
446
89
678
473
293
790
809
921
720 331
78
332
120
74
420
669
38
588
512 434
450
201
593
483
933
63
181
877
826
915 169
711 161
672
536
140
989
3
456
831
378
448
850
725
178
354
851
199 153
411
827
541
139
202
289 545
281
251
691
367
775
205
776
381
914
602
218 191
728
112
854
431
268
239
767
787
152 740
708
400
922
278
748
416
404
836
986
349
871 689
270 207
334
723
240
734
913
258
301
347
209
276
430
568 760
869
83
213
255
757
660 943
983
923
712
792
314
232
192
28
591
166
174
931
738
110
70
766
506
50
727
436
