829
2 12
71 119
227
228
251
327
334
360
467
471
499
532
663
711
723
743
861
877
161
166
179
195
430
478
504
559
603 619
694
722
732
754
805
854
926
960 350
64
314
429
455 566
612
626
648
744 774
788 797
812
825
830
846 871
893
990
565
955
192
110
502
623
949 816
231 385
564 571
729
844
932
978
999
83
128
222
426
488
513 665
690
911 615
406
867
886
301
443
836
256 157
486
546
516
144 143
450
194
548
5
948
246 705
716 30
595 168
802
828
98
413 553
46 249
330
127
253 408
35
219
333
462
469 543
741
953
3
26 44
89
95
136
288
315
395
446
474 490
650
673
852
889
924
966
116 689
201
840
592
573
771
23
790
92
121
148
174
215
245
280 289
375 410
476 578
657 681
785
848
853 91
606
20 273
424
519
720
725
787
874
550
109
382
500
520
530
617
621
941 957
31 703
55 88
260
302
348
366 399
434
472
551
668
678
697 698
718
747
200 583
588
75
834
278
505
102 165
240
268
299
345
420
422
435
438
575
594
631
677
817
895
934 376
783
576
96
13
433
555
126 290
740
313
452
819
58 93
285
287
312
358
372
627
991
63
11
45
65 146
216
298
320
338 517
580 581
597
609 751
795
855
693
21
608
142
250 501
584
632
655
752 894
933
996
149
724
8 124
189
318
404
509
525 527
620
649
666
734
884 927
982
842
554
558
987
130
514
708
380
255
582 79
535 18
24
99 147
187
217
339 415
481 636
753
860
888
936
995
203
328
454
457
572
688
891 6
799
837 67
198 234
483
672
730
733
736
935
946 175
684
629
768
236 263
409
412
436
482 685
757
847 883
913
915
411
779
963
0
719
416
968
748
190
209
281
306 324
335 365
511 562
706
786
865
965
342
53
70
188
241
343
378
432
497
570
670 695
712
721 765
997
137
247
353
950
994
118 534
19
951
549
654
613
41
349
389
470 659
717
282
737 675
156 51
114
329
845
972
232
153 155
196
804
872
213
937
14
975
252 61
82 206
567
993
364
541
691
887
140
169 458
643 674
714 789
839
873 909
90
25
233
262
739
856
878
117 160
351
468
560
769
809
814 862
921
945
357
910 929
78
508
254
319
355 383
491
524 701
710
728
815
942
976
292
792
87
158
164
291
561
746
305
686 150
344 494
634
73
129 226
272
309
325
401 637
644
796
829
547
258
85 414
473
495
692
906
998
60
849
36
275
679
770 916
922
984 52
943
905
903
181
777
37 484
552 625
801
707
47 123
32 68
204 304
332
354
370
387
492 528
536
539
954
979 307
667
599
177
587
267
428
208
507
618
756
42
485
242
212
940 163
397
537
986
311
66
111
125
239
386 577
899
4
7
17
76 244
367
614
880
418 806
308
557
590
38
57 183
316
521 568
735
776
947
533
545
870
15 902
180
286
381
393
398 466
980
640
151
803
50
300
475
652
864
869
340
859
402 522
185
210
368
423
437 653
656
939
133 662
784
868 904
154
265
394
425
460
823
841
962
170
363 607
641
34
589 628
646
660
821
835 700
27 115
223
261
283
303
593
750
969
876 758
120
218
225
235
611
726 238
624 449
683
9
243 879
956
702
159
919 920
257
48
145
182
374
938
331
277
284
391
405 885
687
86 138
296
479
970
97
682
882
202
105
197
229
761
813 958
77
983
211
352
760 798
122
141
336 661
671
639
647
715 373
461 419
540
503
896
173 630
791
908
463
818
907
515
39
22
214 392
600 973
981 359
658
977
326
167
362
447
205
556
563
742
923
989
221 337
453
781 985
407 371
780
964
704
773 94
297 967
108 266
270
441
442
775
451
680
531
778
518
178
264 427
616
431
456
669
755
811
843
890
898 510
321
294
396
800 833
850
28
139
523
831
162
176
269 384
101 134
832 824
763 496
512
875
49 72
81
341 585
369
103
186
199
276
388 901
106
664 866
952
440
645
295 10
586
767
62
184
390
638
794
745
379
900
863
271 542
622 403
591
917
544
526
709 892
961 80
361
459
569
69
642
421
596
84
113
439
598
448
1
988 676
40 465
172
738
259
400
602
445 131
347
279
959
918 930
974
230
928 444
808
480
604
713
635
132
610
633 858
464 248
931
971
171 417
601 498
793
346
377
881
851
152 224
356
857 207
529 759
489
506
651 782
820
826
16
29
822
605
762
193
810 731
56
772
112
191 838
944
33
914
912 59
107
310 237
317
43
696 897
322 699
574
579
100
827
764
135
925
274
220
807
54
293
538
992
487 749
477
104
74
766
323
727
493
